
Jun  3, 2014 23:44:33.147969000
Jun  3, 2014 23:44:33.148131000
Jun  3, 2014 23:44:33.148196000
Jun  3, 2014 23:44:33.148988000
Jun  3, 2014 23:44:33.149529000
Jun  3, 2014 23:44:33.149584000
Jun  3, 2014 23:44:33.150015000
Jun  3, 2014 23:44:33.150069000
Jun  3, 2014 23:44:33.150674000
Jun  3, 2014 23:44:33.151746000
Jun  3, 2014 23:44:33.151842000
Jun  3, 2014 23:44:33.152028000
Jun  3, 2014 23:44:33.152159000
Jun  3, 2014 23:44:33.153176000
Jun  3, 2014 23:44:33.153180000
Jun  3, 2014 23:44:33.153241000
Jun  3, 2014 23:44:33.153352000
Jun  3, 2014 23:44:33.153399000
Jun  3, 2014 23:44:33.153551000
Jun  3, 2014 23:44:33.154329000
Jun  3, 2014 23:44:33.154396000
Jun  3, 2014 23:44:33.154687000
Jun  3, 2014 23:44:33.155513000
Jun  3, 2014 23:44:33.155577000
Jun  3, 2014 23:44:33.156366000
Jun  3, 2014 23:44:33.156513000
Jun  3, 2014 23:44:33.159213000
Jun  3, 2014 23:44:33.159479000
Jun  3, 2014 23:44:33.159548000
Jun  3, 2014 23:44:33.159773000
Jun  3, 2014 23:44:33.159909000
Jun  3, 2014 23:44:33.160070000
Jun  3, 2014 23:44:33.160855000
Jun  3, 2014 23:44:33.160924000
Jun  3, 2014 23:44:33.161529000
Jun  3, 2014 23:44:33.161590000
Jun  3, 2014 23:44:33.161950000
Jun  3, 2014 23:44:33.162969000
Jun  3, 2014 23:44:33.162972000
Jun  3, 2014 23:44:33.163075000
Jun  3, 2014 23:44:33.163076000
Jun  3, 2014 23:44:33.163987000
Jun  3, 2014 23:44:33.166270000
Jun  3, 2014 23:44:33.166565000
Jun  3, 2014 23:44:33.166639000
Jun  3, 2014 23:44:33.167098000
Jun  3, 2014 23:44:33.167397000
Jun  3, 2014 23:44:33.167712000
Jun  3, 2014 23:44:33.168029000
Jun  3, 2014 23:44:33.168095000
Jun  3, 2014 23:44:33.168797000
Jun  3, 2014 23:44:33.168920000
Jun  3, 2014 23:44:33.169263000
Jun  3, 2014 23:44:33.172581000
Jun  3, 2014 23:44:33.172653000
Jun  3, 2014 23:44:33.172937000
Jun  3, 2014 23:44:33.172998000
Jun  3, 2014 23:44:33.173136000
Jun  3, 2014 23:44:33.173568000
Jun  3, 2014 23:44:33.173612000
Jun  3, 2014 23:44:33.173807000
Jun  3, 2014 23:44:33.173861000
Jun  3, 2014 23:44:33.178694000
Jun  3, 2014 23:44:33.179001000
Jun  3, 2014 23:44:33.179050000
Jun  3, 2014 23:44:33.179540000
Jun  3, 2014 23:44:33.179640000
Jun  3, 2014 23:44:33.179814000
Jun  3, 2014 23:44:33.180337000
Jun  3, 2014 23:44:33.180390000
Jun  3, 2014 23:44:33.181178000
Jun  3, 2014 23:44:33.181270000
Jun  3, 2014 23:44:33.181838000
Jun  3, 2014 23:44:33.183164000
Jun  3, 2014 23:44:33.183248000
Jun  3, 2014 23:44:33.183409000
Jun  3, 2014 23:44:33.183451000
1402 Jun  3, 2014 23:44:33.183810000
Jun  3, 2014 23:44:33.183822000
Jun  3, 2014 23:44:33.183868000
Jun  3, 2014 23:44:33.184390000
Jun  3, 2014 23:44:33.190773000
Jun  3, 2014 23:44:33.216452000
Jun  3, 2014 23:44:33.492451000
Jun  3, 2014 23:44:33.531340000
Jun  3, 2014 23:44:33.532279000
Jun  3, 2014 23:44:33.557389000
Jun  3, 2014 23:44:33.557515000
Jun  3, 2014 23:44:33.558099000

audio-sv5-t1-1.pandora.com	/access/?version=4&lid=95654741&token=0g4gG4aprLr%2BIy5sO7ZhvEsGS1qnPsdTVKKeOIZb8eAA2U5NPFNNG51w3U%2Fxs4HTCez6h5Co63e5%2FisujMABsttcXOrEzYIoTMtaYNxqYxYNGq3NnJRuTvfigPKIJjdv7D48qMI%2FVcYmC%2BWbL0jbNh%2F2dtE4tRnLISPtq4R1VG5zawXH4hvZc6m08V%2Bup1vIeLBScyVzgBQBlJi3CC3km0jRx%2F56TyyOC8STD8zzKudFBdiflImK%2Fh7pn404c6Vig1zX5JCRpaIECt9G%2Fiyav5xNEeIsH3igcLpaP6tyuclzmK74llBfpQCK8Ehhw2w74pmAQV7XPt1zkzTPz6izN3Q3tmMIYtmBM%2BBlDhCt%2FYXOvDaCiPXwGw%3D%3D	Jun  3, 2014 23:44:33.558100000
*	239.255.255.250:1900	Jun  3, 2014 23:44:33.583970000
*	[FF02::C]:1900	Jun  3, 2014 23:44:33.586138000
Jun  3, 2014 23:44:33.587306000
Jun  3, 2014 23:44:33.587311000
Jun  3, 2014 23:44:33.587902000
Jun  3, 2014 23:44:33.588215000
Jun  3, 2014 23:44:33.588289000
Jun  3, 2014 23:44:33.588425000
Jun  3, 2014 23:44:33.590554000
Jun  3, 2014 23:44:33.612102000
Jun  3, 2014 23:44:33.612699000
Jun  3, 2014 23:44:33.612847000
Jun  3, 2014 23:44:33.612966000
Jun  3, 2014 23:44:33.613043000
Jun  3, 2014 23:44:33.618500000
Jun  3, 2014 23:44:33.618807000
Jun  3, 2014 23:44:33.618862000
Jun  3, 2014 23:44:33.634836000
